9.00

#################################################################################################################################################
#																																				#
#  The table below is used to look up what happens to a material when it collides with another													#
#  To see what happens to a material we look up its row and then cross reference with the column of												#
#  the material it has collided with the resulting index is used in the list of infos below this table											#
#  to find out what to do to the material																										#
#																																				#
#################################################################################################################################################
#																																				#
#						PUNCH_KICK				PISTOL_SMALL			SHOTGUN				ROCKET						LASER					#
#						    MELEE_WOOD				PISTOL_LARGE			RIFLE_ASSAULT  	    GRENADE						STUNGUN				#
#								MELEE_METAL				PISTOL_SILENCED			RIFLE_SNIPER		MOLOTOV						HEAVY_MG		#
#									MELEE_SHARP				RUBBER    	    		   					FIRE						VEHICLE_MG	#
#										MELEE_GENERIC			SMG											EXPLOSION					SPARE2  #
#																																				#
#################################################################################################################################################

WEAPONFX_TABLE_START

VOID					0   0	0   0	0		0   0   0   0	0		0   0   0   		903   0   0   0 903	    	0	0   0	0	0
GENERIC					0   500 500 500 500		999 999 999 999 999		999 999 999			903 908 950 900	903	    	0	700 999	999	0
																																	
CONCRETE				0   500 500 500 500		110 111 110 130	110		114 111 113			904 909 950 900	904		0	700 111	111	0
CONCRETE_DUSTY			0   500 500 500 500		110 111 110 130	110		114 111 113			904 909 950 900	904		0	700 111	111	0
TARMAC					0   500 500 500 500		298 298 298 130	298		298 298 298			904 909 950 900	904		0	700 297	297	0
TARMAC_BRITTLE				0   500 500 500 500		297 297 297 130	297		297 297 297			904 909 950 900	904	    	0	700 297	297	0
STONE					0   500 500 500 500		110 111 110 130	110		114 111 113			904 909 950 900	904		0	700 111	111	0
BRICK					0   500 500 500 500		110 111 110 130	110		114 111 113			904 909 950 900	904		0	700 262	262	0
MARBLE					0   500 500 500 500		110 111 110 130	110		114 111 113			904 909 950 900	904		0	700 111	111	0
PAVING					0   500 500 500 500		110 111 110 130	110		114 111 113			904 909 950 900	904		0	700 111	111	0
SANDSTONE				0   500 500 500 500		173 173 173 170	173		172 173 173			904 909 950 900	904		0	700 172	172	0
SANDSTONE_BRITTLE			0   500 500 500 500		173 173 173 170	173		172 173 173			904 909 950 900	904		0	700 172	172	0
																																	
SAND_LOOSE				0   0   0   0   0   			158 158 158 158	158		157 157 158			905 910 950 900	905		0	700 157	157	0
SAND_COMPACT				0   0   0   0   0   			163 163 163 163	163		162 162 163			905 910 950 900	905		0	700 162	162	0
SAND_WET				0   0   0   0   0   			168 168 168 168	168		167 167 168			905 910 950 900	905		0	700 167	167	0
SAND_UNDERWATER			0   0   0   0   0   			168 168 168 168	168		167 168 168			905 910 950 900	905		0	700 167	167	0
SAND_DEEP				0   0   0   0   0   			158 158 158 158	158		157 157 158			905 910 950 900	905		0	700 157	157	0
SAND_WET_DEEP				0   0   0   0   0   			168 168 168 168	168		167 167 168			905 910 950 900	905		0	700 167	167	0
ICE					0   530 530 530 530		243 243 243 243	243		242 243 243			903 911 950 900	903 	    	0	700 242	242	0
SNOW_LOOSE				0   280 280 280 280 		283 283 283 283	240		282 283 283			905 910 950 900	905 	    	0	700 282	282	0
SNOW_COMPACT				0   530 530 530 530		243 243 243 243	243		242 243 243			905 910 950 900	905 	    	0	700 242	242	0
GRAVEL					0   500 500 500 500		153 153 153 130	153		152 152 153			903 911 950 900	903		0	700 152	152	0
GRAVEL_DEEP				0   500 500 500 500		153 153 153 130	153		152 152 153			903 911 950 900	903		0	700 152	152	0
DIRT_DRY				0   0   0   0   0   			203 203 203 203	203		202 202 203			905 910 950 900	905		0	700 202	202	0
MUD_SOFT				0   0   0   0   0   			168 168 168 168	168		167 167 168			905 910 950 900	905		0	700 167	167	0
MUD_DEEP				0   0   0   0   0   			168 168 168 168	168		167 168 168			905 910 950 900	905		0	700 167	167	0
MUD_UNDERWATER			0   0   0   0   0   			168 168 168 168	168		167 168 168			905 910 950 900	905		0	700 167	167	0
CLAY					0   0   0   0   0   			181 181 181 181	181		181 181 181			905 910 950 900	905 	    	0	700 181	181	0
																																	
GRASS					0   0	0   0	0		186 186 186 130	186		185 186 186			903 911 950 900	907 	    	0	700 185	185	0
GRASS_SHORT				0   0	0   0	0		185 185 185 185	185		185 185 185			903 911 950 900	907 	    	0	700 185	185	0
HAY					0   0	0   0	0		198 198 198 198	198		197 198 198			904 909 950 900	904			0	700 197	197	0
BUSHES					0   210 210 210 210		213 213 213 213 213 		212 213 213 			903 911 950 907 907 	    	0	700 212	212	0
TREE_BARK				0   520 520 520 520		124 124 124 130	124		123 123 124			903 911 950 900	906 	    	0	700 123	123	0
LEAVES					0   210 210 210 210 		213 213 213 213 213 		212 212 213 			903 911 950 900	908			0	700 212	212	0
																																	
METAL					0   510 510 510 510 		101 102 101 130	101		104 102 104			903 911 950 900	903 	    	0	702 102	102	0
																																	
WOOD					0   520 520 520 520		124 123 124 130	124		123 123 124			903 911 950 900	906 	    	0	700 123	123	0
WOOD_DUSTY				0   520 520 520 520		124 123 124 130	124		123 123 124			903 911 950 900	906 	    	0	700 123	123	0
WOOD_SPLINTER				0   520 520 520 520		124 123 124 130	124		123 123 124			903 911 950 900	906		0	700 123	123	0
																																	
CERAMIC					0   500 500 500 500		113 112 113 130	113		112 113 113			903 911 950 900	903 	    	0	700 112	112	0
CARPET_FABRIC				0   0   0   0   0			223 222 223 130	223		222 223 223			903 911 950 900	903 	    	0	700 222	222	0
CARPET_FABRIC_DUSTY			0   0   0   0   0			223 222 223 130	223		222 223 223			903 911 950 900	903 	    	0	700 222	222	0
PLASTIC					0   500 500 500 500		136 137 136 130	136		137 136 136			903 911 950 900	903 	    	0	702 137	137	0
PLASTIC_HOLLOW				0   500 500 500 500		136 137 136 130	136		137 136 136			903 911 950 900	903 	    	0	702 137	137	0
RUBBER					0   0   0   0   0			132 132 132 130	132 		132 132 132 			903 911 950 900	906 	    	0	700 132	132	0
LINOLEUM				0   520 520 520 520		113 112 113 130	113		112 113 113			903 911 950 900	903		0	700 112	112	0
PLASTER_BRITTLE				0   500 500 500 500		118 117 118 130	118		118 118 118			903 911 950 900	903 	    	0	700 117	117	0
CARDBOARD				0   0   0   0   0			193 192 193 130	193		193 193 193			903 911 950 900	903 	    	0	702 192	192	0
PAPER					0   0   0   0	0		143 142 143 130	143		142 142 143			903 911 950 900	903 	    	0	702 142	142	0
FOAM					0   0   0   0	0		175 177 175 175	175		177 176 176			903 911 950 900	904		0	700 177	177	0
FEATHERS				0   230 230 230 230 		233 232 233 233	233		232 232 233			903 911 950 900	903 	    	0	700 232	232	0
TVSCREEN				0   240 240 240 240 		243 242 243 243	243		242 242 243			903 911 950 900	903 	    	0	700 242	242	0
																																	
GLASS					531 530 530 530 530		52  55  55  52	55		01  55  55			57	57 950 900	57	0	50	58	56	0
GLASS_BULLETPROOF			0   240 240 240 240 		240 241 240 240	240		244 243 243			903 911 950 900	903 	    	0	700 243	56	0
																																	
CAR_METAL				0   515 510 510 510 		101 102 101 130	101		104 102 104			903 911 950 900	903 	    	0	702 102	102	0
CAR_PLASTIC				0   515 510 510 510 		136 137 136 130	136		136 136 136			903 911 950 900	903 	    	0	702 137	137	0
CAR_GLASS				531 530 530 530 530		52  55  55  50	55		01  55  55			57	57  950 900	57	0	50	56	56	0
																																	
PUDDLE					0   0	0   0	0		314 314 314 314	314		314 314 314			312 313 313	0	0	 0	0   315	315	0

LIQUID_WATER				0   0	0   0	0		314 314 314 314	314		314 314 314			312 313 313	0	0	 0	0   314	311	0
LIQUID_BLOOD				0   0	0   0	0		320 320 320 320	320		320 320 320			321 321 321 0	0	    	 0	0   320	320	0
LIQUID_OIL				0   0	0   0	0		330 330 330 330	330		330 330 330			331 331 331 0	0	    	 0	0   330	330	0
LIQUID_PETROL				0   0	0   0	0		340 340 340 340	340		340 340 340			341 341 341 0	0	    	 0	0   340	340	0
LIQUID_MUD				0   0	0   0	0		350 350 350 350	350		350 350 350			351 351 351 0	0	    	 0	0   350	350	0
																																	
FRESH_MEAT				0   0	0   0	0		290 290 290 290	290		291	291	291			290	290	290	290	290			290	290	291	291	0
DRIED_MEAT				0   0	0   0	0		290 290 290 290	290		291	291	291			290	290	290	290	290			290	290	291	291	0
																																	
PED_HEAD				0   0	0   0	0	 	0   0	0   0	0		0   0	0			0   0	0   0	0 	    	0	701 0	0	0
PED_TORSO				0   0	0   0	0 		0   0	0   0	0		0   0	0			0   0	0   0	0 	    	0	701 0	0	0
PED_LIMB				0   0	0   0	0  		0   0	0   0	0		0   0	0			0   0	0   0	0 	    	0	701 0	0	0
PED_FOOT				0   0	0   0	0  		0   0	0   0	0		0   0	0			0   0	0   0	0 	    	0	701 0	0	0
PED_CAPSULE				0   0	0   0	0  		0   0	0   0	0		0   0	0			0   0	0   0	0 	    	0	701	0	0	0
																																	
BRKGLASS_LOOKUP			0   0	0   0	0  		1   1   1   1	1		2   1   2			2   2	0   0	3 	    	0	0   2	2	0


WEAPONFX_TABLE_END



# MATERIAL ENTRIES BELOW: 127


WEAPONFX_INFO_START

#########################################################################################################################################################################################################
#		DECAL INFO ----------------------------------------------------------------------------------------------------------------------------->		PTFX INFO ---------------------------------->	#
# ID	DECAL	<---- STRETCH ----->	RANGE	COL_TINT			SIZE ----->		OVERLAY	DUPLIC	LIFE ----->		FADEIN	EXCLUS	SHOTGUN	---->		FX_SYS					RANGE	FX		LOD		#
#		ID		ID		DOT		MULT			R   G	B	A		MIN		MAX		MAX RAD	REJECT	MIN		MAX				MTL		DECAL	SCALE	    								SCALE	SCALE	#
#########################################################################################################################################################################################################

# BULLETS VS MATERIALS

# GLASS (FIRST HALF OF EACH IS THE NON BLOOD VARIANT - SECOND HALF OF EACH IS THE 'WITH BLOOD' VARIANT - MUST HAVE AN ID UNDER 100 TO WORK)
01		4102	4102	0.0		1.0		100.0	255 255	255	255		0.4		0.51	0.0		0.41	-1.0	-1.0	0.1		0		4207	1.1	    	bul_glass_shotgun		250.0	1.4		1.0
01		4102	4102	0.0		1.0		100.0	255 255	255	255		0.43	0.51	0.0		0.41	-1.0	-1.0	0.1		0		4207	1.0	    	bul_glass_shotgun		250.0	1.4		1.0	
01		4104	4104	0.0		1.0		100.0	255 255	255	255		0.43	0.51	0.0		0.41	-1.0	-1.0	0.1		0		4205	1.0	    	bul_glass_shotgun		250.0	1.4		1.0	
01		4104	4104	0.0		1.0		100.0	255 255	255	255		0.43	0.51	0.0		0.41	-1.0	-1.0	0.1		0		4205	1.0	    	bul_glass_shotgun		250.0	1.4		1.0	
50		4102	4102	0.0		1.0		50.0	255 255	255	255		0.4		0.51		0.0		0.1		-1.0	-1.0	0.0		0		-1		1.0	        bul_glass				210.0	1.6		1.0
50		4104	4104	0.0		1.0		50.0	255 255	255	255		0.45	0.51		0.0		0.1		-1.0	-1.0	0.0		0		-1		1.0	    	bul_glass				210.0	1.6		1.0
51		4102	4102	0.0		1.0		80.0	255 255	255	255		0.3		0.51		0.0		0.1		-1.0	-1.0	0.0		0		-1		1.0	    	bul_glass				210.0	1.6		1.0
51		4104	4104	0.0		1.0		80.0	255 255	255	255		0.45	0.51		0.0		0.1		-1.0	-1.0	0.0		0		-1		1.0	    	bul_glass				210.0	1.6		1.0
52		4102	4102	0.0		1.0		100.0	255 255	255	255		0.5		0.51	0.0		0.1		-1.0	-1.0	0.0		0		-1		1.0	    	bul_glass				230.0	1.4		1.0
52		4104	4104	0.0		1.0		100.0	255 255	255	255		0.45	0.51		0.0		0.1		-1.0	-1.0	0.0		0		-1		1.0	    	bul_glass				230.0	1.4		1.0
55		4102	4102	0.0		1.0		200.0	255 255	255	255		0.7		0.8		0.0		0.2		-1.0	-1.0	0.0		0		-1		1.0	    	bul_glass				210.0	1.5		1.0
55		4104	4104	0.0		1.0		200.0	255 255	255	255		0.9		1.0		0.0		0.2		-1.0	-1.0	0.0		0		-1		1.0	    	bul_glass				210.0	1.5		1.0
56		4102	4102	0.0		1.0		400.0	255 255	255	255		3.0		3.4		0.0		1.0		-1.0	-1.0	0.0		0		-1		1.0	    	bul_glass_heli			350.0	1.6		4.0
56		4104	4104	0.0		1.0		400.0	255 255	255	255		3.0		3.4		0.0		1.0		-1.0	-1.0	0.0		0		-1		1.0	    	bul_glass_heli			350.0	1.6		4.0
57		4102	4102	0.0		1.0		200.0	255 255	255	255		2.4		2.8		0.0		0.5		-1.0	-1.0	0.0		0		-1		1.0	    	-						60.0	2.0		1.0
57		4104	4104	0.0		1.0		200.0	255 255	255	255		2.6		3.0		0.0		0.5		-1.0	-1.0	0.0		0		-1		1.0	    	-						60.0	2.0		1.0
58		4102	4102	0.0		1.0		400.0	255 255	255	255		1.8		2.2		0.0		0.4		-1.0	-1.0	0.0		0		-1		1.0	    	bul_glass_mini			350.0	2.5		3.0
58		4104	4104	0.0		1.0		400.0	255 255	255	255		2.0		2.6		0.0		0.4		-1.0	-1.0	0.0		0		-1		1.0	    	bul_glass_mini			350.0	2.5		3.0



# METAL_CARMETAL
101		4010	4010	0.15	1.5		 20.0	255 255	255	255		0.07	0.08 	0.0		0.04	 -1.0	 -1.0	0.0		0		-1		1.0	    	bul_carmetal			160.0	0.9		1.0
102		4010	4010	0.15	1.5		 30.0	255 255	255	255		0.09	0.11	0.0		0.06	 -1.0	 -1.0	0.0		0		-1		1.0	    	bul_carmetal			160.0	1.0		1.0
103		4010	4010	0.3		2.0		 80.0	255 255	255	255		0.25	0.3		0.0		0.1		 -1.0	 -1.0	0.0		0		4202	1.0         bul_carmetal_heli		350.0	2.0		2.0
104		4010	4010	0.35	2.0		 60.0	255 255	255	255		0.13	0.19	0.0		0.06	 -1.0	 -1.0	0.0		0		4202	1.0  	  	bul_carmetal			160.0	1.5		1.5
105		4010	4010	0.2		2.5		 70.0	255 255	255	255		0.10	0.15	0.0		0.05	 -1.0	 -1.0	0.0		0		4202	1.0	    	bul_carmetal			160.0	1.1		1.0


# CONCRETE
110		4020	4020	0.15	1.5		20.0	255 255	255	255		0.07	0.10	0.10  	0.0		-1.0	-1.0	0.0		0		-1		1.0	    	bul_concrete			160.0	0.7 	1.0
111		4020	4020	0.15	1.5		30.0	255 255	255	255		0.15	0.19	0.17	0.0		-1.0	-1.0	0.0		0		-1		1.0	    	bul_concrete			160.0	1.2		1.0
112		4020	4020	0.3		2.0		80.0	255 255	255	255		0.2		0.25	0.28	0.0		-1.0	-1.0	0.0		0		-1		1.0  	  	bul_concrete_heli		350.0	2.0		2.0
113		4020	4020	0.35	1.7		60.0	255 255	255	255		0.22	0.28	0.21	0.0		-1.0	-1.0	0.0		0		-1		1.0  	  	bul_concrete_minigun	330.0	2.0		1.5
114		4020	4020	0.3		2.0		70.0	255 255	255	255		0.16	0.18	0.17	0.0		-1.0	-1.0	0.0		0		4204	2.0	    	bul_concrete			160.0	1.2		1.0


# PLASTER
115		4020	4020	0.1		1.0		20.0	255 255	255	255		0.10	0.12	0.1		0.0		-1.0	-1.0	0.0		0		-1		1.0	    	bul_plaster_brittle		60.0	0.6		1.0
116		4020	4020	0.15	1.5		30.0	255 255	255	255		0.12	0.15	0.17	0.0		-1.0	-1.0	0.0		0		-1		1.0	    	bul_plaster_brittle		60.0	0.8		1.0
117		4020	4020	0.3		2.0		80.0	255 255	255	255		0.2		0.25	0.28	0.0		-1.0	-1.0	0.0		1		-1		1.0  	  	bul_plaster_brittle		350.0	2.0		2.0
118		4020	4020	0.35	1.7		60.0	255 255	255	255		0.12	0.17	0.2		0.0		-1.0	-1.0	0.0		1		-1		1.0  	  	bul_plaster_brittle		210.0	1.5		1.5
119		4020	4020	0.3		2.0		70.0	255 255	255	255		0.15	0.2		0.1		0.0		-1.0	-1.0	0.0		0		4204	2.0	    	bul_plaster_brittle		60.0	1.0		1.0


# WOOD
120		4050	4050	0.1		1.0		20.0	255 255	255	255		0.08	0.10	0.1		0.0		-1.0	-1.0	0.0		0		-1		1.0	    	bul_wood_splinter		160.0	0.6		1.2
121		4050	4050	0.15	1.5		30.0	255 255	255	255		0.10	0.12	0.17	0.0		-1.0	-1.0	0.0		0		-1		1.0	    	bul_wood_splinter		160.0	0.8		1.2
123		4050	4050	0.3		2.0		80.0	255 255	255	255		0.2		0.25	0.28	0.0		-1.0	-1.0	0.0		1		-1		1.0  	  	bul_wood_splinter_heli	350.0	2.0		2.0
124		4050	4050	0.35	1.7		60.0	255 255	255	255		0.12	0.15	0.2		0.0		-1.0	-1.0	0.0		1		-1		1.0  	  	bul_wood_splinter		100.0	1.5		1.5
122		4050	4050	0.3		2.0		70.0	255 255	255	255		0.15	0.2		0.1		0.0		-1.0	-1.0	0.0		0		4203	1.3	    	bul_wood_splinter		160.0	1.0		1.2


# DEFAULT DECALS (DEFAULT/RUBBER)
130		4040	4040	0.1		1.0		20.0	255 255	255	255		0.10	0.12	0.1		0.0		-1.0	-1.0	0.0		0		-1		1.0	    	bul_rubber_dust			60.0	0.6		1.0
131		4040	4040	0.15	1.5		30.0	255 255	255	255		0.12	0.15	0.17	0.0		-1.0	-1.0	0.0		0		-1		1.0	    	bul_rubber_dust			60.0	0.8		1.0
132		4040	4040	0.35	1.7		60.0	255 255	255	255		0.12	0.17	0.2		0.0		-1.0	-1.0	0.0		1		-1		1.0  	  	bul_rubber_dust			150.0	1.5		1.5
133		4040	4040	0.3		2.0		70.0	255 255	255	255		0.15	0.2		0.1		0.0		-1.0	-1.0	0.0		0		4202	1.3	    	bul_rubber_dust			60.0	1.0		1.0


# DEFAULT PLASTIC
134		4040	4040	0.1		1.0		20.0	255 255	255	255		0.10	0.13	0.0		0.04	-1.0	-1.0	0.0		0		-1		1.0	    	bul_plastic				60.0	0.6		1.0
135		4040	4040	0.15	1.5		30.0	255 255	255	255		0.11	0.15	0.0		0.06	-1.0	-1.0	0.0		0		-1		1.0	    	bul_plastic				60.0	0.8		1.0
136		4040	4040	0.3		2.0		80.0	255 255	255	255		0.25	0.3		0.0		0.1		-1.0	-1.0	0.0		0		-1		1.0  	  	bul_plastic				350.0	2.0		2.0
137		4040	4040	0.35	1.7		60.0	255 255	255	255		0.12	0.17	0.0		0.06	-1.0	-1.0	0.0		0		-1		1.0  	  	bul_plastic				100.0	1.5		1.5
138		4040	4040	0.3		2.0		70.0	255 255	255	255		0.17	0.2		0.0		0.3		-1.0	-1.0	0.0		0		4200	2.0	    	bul_plastic				60.0	1.0		1.0


# PAPER
140		4040	4040	0.1		1.0		20.0	255 255	255	255		0.10	0.13	0.0		0.04	-1.0	-1.0	0.0		0		-1		1.0	    	bul_paper				60.0	0.6		1.0
141		4040	4040	0.15	1.5		30.0	255 255	255	255		0.11	0.15	0.0		0.06	-1.0	-1.0	0.0		0		-1		1.0	    	bul_paper				60.0	0.8		1.0
142		4040	4040	0.3		2.0		80.0	255 255	255	255		0.25	0.3		0.0		0.1		-1.0	-1.0	0.0		0		-1		1.0  	  	bul_paper				350.0	2.0		2.0
143		4040	4040	0.35	1.7		60.0	255 255	255	255		0.12	0.17	0.0		0.06	-1.0	-1.0	0.0		0		-1		1.0  	  	bul_paper				100.0	1.5		1.5
144		4040	4040	0.3		2.0		70.0	255 255	255	255		0.17	0.2		0.0		0.3		-1.0	-1.0	0.0		0		4200	2.0	    	bul_paper				60.0	1.0		1.0


# GRAVEL
150		4020	4020	0.1		1.0		20.0	255 255	255	120		0.10	0.12	0.1		0.0		-1.0	-1.0	0.0		0		-1		1.0	    	bul_gravel				60.0	0.6		1.0
151		4020	4020	0.15	1.5		30.0	255 255	255	120		0.12	0.15	0.17	0.0		-1.0	-1.0	0.0		0		-1		1.0	    	bul_gravel				60.0	0.8		1.0
152		4020	4020	0.3		2.0		80.0	255 255	255	120		0.2		0.25	0.28	0.0		-1.0	-1.0	0.0		0		-1		1.0  	  	bul_gravel_heli			350.0	2.0		2.0
153		4020	4020	0.35	1.7		60.0	255 255	255	120		0.12	0.17	0.2		0.0		-1.0	-1.0	0.0		0		-1		1.0  	  	bul_gravel				100.0	1.5		1.5
154		4020	4020	0.3		2.0		70.0	255 255	255	120		0.15	0.2		0.1		0.0		-1.0	-1.0	0.0		0		4204	2.0	    	bul_gravel				60.0	1.0		1.0
	

# SAND LOOSE
155		4053	4053	0.1		1.0		20.0	255 255	255	255		0.10	0.12	0.1		0.0		-1.0	-1.0	0.0		0		-1		1.0	    	bul_sand_loose			60.0	0.6		1.0
156		4053	4053	0.15	1.5		30.0	255 255	255	255		0.12	0.15	0.17	0.0		-1.0	-1.0	0.0		0		-1		1.0	    	bul_sand_loose			60.0	0.8		1.0
157		4053	4053	0.3		2.0		80.0	255 255	255	255		0.2		0.25	0.28	0.0		-1.0	-1.0	0.0		0		-1		1.0  	  	bul_sand_loose_heli		350.0	2.0		2.0
158		4053	4053	0.35	1.7		60.0	255 255	255	255		0.12	0.17	0.2		0.0		-1.0	-1.0	0.0		0		-1		1.0  	  	bul_sand_loose			100.0	1.5		1.5
159		4053	4053	0.3		2.0		70.0	255 255	255	255		0.15	0.2		0.1		0.0		-1.0	-1.0	0.0		0		4204	2.0	    	bul_sand_loose			60.0	1.0		1.0


# SAND COMPACT
160		4032	4032	0.1		1.0		20.0	255 255	255	210		0.10	0.12	0.1		0.0		-1.0	-1.0	0.0		0		-1		1.0	    	bul_dirt				60.0	0.6		1.0
161		4032	4032	0.15	1.5		30.0	255 255	255	210		0.12	0.15	0.17	0.0		-1.0	-1.0	0.0		0		-1		1.0	    	bul_dirt				60.0	0.8		1.0
162		4032	4032	0.3		2.0		80.0	255 255	255	210		0.2		0.25	0.28	0.0		-1.0	-1.0	0.0		0		-1		1.0  	  	bul_dirt_heli			350.0	2.0		2.0
163		4032	4032	0.35	1.7		60.0	255 255	255	210		0.12	0.17	0.2		0.0		-1.0	-1.0	0.0		0		-1		1.0  	  	bul_dirt				100.0	1.5		1.5
164		4032	4032	0.3		2.0		70.0	255 255	255	210		0.15	0.2		0.1		0.0		-1.0	-1.0	0.0		0		4204	2.0	    	bul_dirt				60.0	1.0		1.0


# SAND WET AND MUD
165		4032	4032	0.1		1.0		20.0	255 255	255	225		0.10	0.12	0.1		0.0		-1.0	-1.0	0.0		0		-1		1.0	    	bul_mud					60.0	0.6		1.0
166		4032	4032	0.15	1.5		30.0	255 255	255	225		0.12	0.15	0.17	0.0		-1.0	-1.0	0.0		0		-1		1.0	    	bul_mud					60.0	0.8		1.0
167		4032	4032	0.3		2.0		80.0	255 255	255	225		0.2		0.25	0.28	0.0		-1.0	-1.0	0.0		0		-1		1.0  	  	bul_mud_heli			350.0	2.0		2.0
168		4032	4032	0.35	1.7		60.0	255 255	255	225		0.12	0.17	0.2		0.0		-1.0	-1.0	0.0		0		-1		1.0  	  	bul_mud					100.0	1.5		1.5
169		4032	4032	0.3		2.0		70.0	255 255	255	225		0.15	0.2		0.1		0.0		-1.0	-1.0	0.0		0		4204	2.0	    	bul_mud					60.0	1.0		1.0


# SANDSTONE
170		4053	4053	0.1		1.0		20.0	255 255	255	255		0.10	0.12	0.1		0.0		-1.0	-1.0	0.0		0		-1		1.0	    	bul_dirt				60.0	0.6		1.0
171		4053	4053	0.15	1.5		30.0	255 255	255	255		0.12	0.15	0.17	0.0		-1.0	-1.0	0.0		0		-1		1.0	    	bul_dirt				60.0	0.8		1.0
172		4053	4053	0.3		2.0		80.0	255 255	255	255		0.2		0.25	0.28	0.0		-1.0	-1.0	0.0		0		-1		1.0  	  	bul_dirt_heli			350.0	2.0		2.0
173		4053	4053	0.35	1.7		60.0	255 255	255	255		0.12	0.17	0.2		0.0		-1.0	-1.0	0.0		0		-1		1.0  	  	bul_dirt				100.0	1.5		1.5
174		4053	4053	0.3		2.0		70.0	255 255	255	255		0.15	0.2		0.1		0.0		-1.0	-1.0	0.0		0		4204	2.0	    	bul_dirt				60.0	1.0		1.0


# MATTRESS_FOAM
175		4030	4030	0.1		1.0		20.0	255 255	255	255		0.10	0.12	0.1		0.0		-1.0	-1.0	0.0		0		-1		1.0	    	bul_foam				60.0	0.6		1.0
176		4030	4030	0.15	1.5		30.0	255 255	255	255		0.12	0.15	0.17	0.0		-1.0	-1.0	0.0		0		-1		1.0	    	bul_foam				60.0	0.8		1.0
177		4030	4030	0.3		2.0		80.0	255 255	255	255		0.2		0.25	0.28	0.0		-1.0	-1.0	0.0		0		-1		1.0  	  	bul_foam				350.0	2.0		2.0
178		4030	4030	0.35	1.7		60.0	255 255	255	255		0.12	0.17	0.2		0.0		-1.0	-1.0	0.0		0		-1		1.0  	  	bul_foam				100.0	1.5		1.5
179		4030	4030	0.3		2.0		70.0	255 255	255	255		0.15	0.2		0.1		0.0		-1.0	-1.0	0.0		0		4204	2.0	    	bul_foam				60.0	1.0		1.0
                                                                                                                                                       

# GRASS
183		4032	4032	0.0		1.0		20.0	141 111	83	255		0.11	0.14	0.2		0.0		-1.0	-1.0	0.0		1		-1		1.0	    	bul_grass				60.0	0.8		1.0
184		4032	4032	0.0		1.0		20.0	141 111	83	255		0.13	0.15	0.3		0.0		-1.0	-1.0	0.0		1		-1		1.0	    	bul_grass				60.0	1.2		1.0
185		4032	4032	0.0		1.0		20.0	141 111	83	255		0.20	0.25	0.0		0.3		-1.0	-1.0	0.0		1		-1		1.0	    	bul_grass_heli			350.0	2.0		1.0
186		4032	4032	0.0		1.0		20.0	141 111	83	255		0.3		0.5		0.0		0.2		-1.0	-1.0	0.0		1		-1		1.0	    	bul_grass				250.0	1.5		1.0
187		4032	4032	0.0		1.0		20.0	141 111	83	255		0.12	0.18	0.2		0.0		-1.0	-1.0	0.0		0		4204	1.3	    	bul_grass				60.0	1.0		1.0


# HAY
195		4032	4032	0.0		1.0		20.0	255 255	255	255		0.10	0.12	0.2		0.0		-1.0	-1.0	0.0		1		-1		1.0	    	bul_hay					60.0	0.8		1.0
196		4032	4032	0.0		1.0		20.0	255 255	255	255		0.13	0.15	0.2		0.0		-1.0	-1.0	0.0		1		-1		1.0	    	bul_hay					60.0	1.2		1.0
197		4032	4032	0.0		1.0		20.0	255 255	255	255		0.20	0.25	0.4		0.0		-1.0	-1.0	0.0		1		-1		1.0	    	bul_hay					350.0	2.0		1.0
198		4032	4032	0.0		1.0		20.0	255 255	255	255		0.15	0.2		0.3		0.0		-1.0	-1.0	0.0		1		-1		1.0	    	bul_hay					100.0	1.5		1.0
199		4032	4032	0.0		1.0		20.0	255 255	255	255		0.12	0.18	0.2		0.0		-1.0	-1.0	0.0		0		4204	1.3	    	bul_hay					60.0	1.0		1.0


# CARDBOARD
190		4040	4040	0.1		1.0		20.0	255 255	255	255		0.10	0.13	0.0		0.04	-1.0	-1.0	0.0		0		-1		1.0	    	bul_cardboard			60.0	0.6		1.0
191		4040	4040	0.15	1.5		30.0	255 255	255	255		0.11	0.15	0.0		0.06	-1.0	-1.0	0.0		0		-1		1.0	    	bul_cardboard			60.0	0.8		1.0
192		4040	4040	0.3		2.0		80.0	255 255	255	255		0.25	0.3		0.0		0.1		-1.0	-1.0	0.0		0		-1		1.0  	  	bul_cardboard			350.0	2.0		2.0
193		4040	4040	0.35	1.7		60.0	255 255	255	255		0.12	0.17	0.0		0.06	-1.0	-1.0	0.0		0		-1		1.0  	  	bul_cardboard			100.0	1.5		1.5
194		4040	4040	0.3		2.0		70.0	255 255	255	255		0.17	0.2		0.0		0.3		-1.0	-1.0	0.0		0		4200	2.0	    	bul_cardboard			60.0	1.0		1.0


# DIRT_DRY
200		4032	4032	0.1		1.0		20.0	255 255	255	255		0.10	0.12	0.1		0.0		-1.0	-1.0	0.0		0		-1		1.0	    	bul_dirt				60.0	0.6		1.0
201		4032	4032	0.15	1.5		30.0	255 255	255	255		0.12	0.15	0.17	0.0		-1.0	-1.0	0.0		0		-1		1.0	    	bul_dirt				60.0	0.8		1.0
202		4032	4032	0.3		2.0		80.0	255 255	255	255		0.2		0.25	0.28	0.0		-1.0	-1.0	0.0		0		-1		1.0  	  	bul_dirt_heli			350.0	2.0		2.0
203		4032	4032	0.35	1.7		60.0	255 255	255	255		0.12	0.17	0.2		0.0		-1.0	-1.0	0.0		0		-1		1.0  	  	bul_dirt				100.0	1.5		1.5
204		4032	4032	0.3		2.0		70.0	255 255	255	255		0.15	0.2		0.1		0.0		-1.0	-1.0	0.0		0		4204	2.0	    	bul_dirt				60.0	1.0		1.0


# LEAVES_PILE
210		0		0		0.0		1.0		20.0	255 255	255	255		0.0		0.0		0.2		0.0		-1.0	-1.0	0.0		1		-1		1.0	    	bul_leaves				60.0	0.8		1.0
211		0		0		0.0		1.0		20.0	255 255	255	255		0.0		0.0		0.2		0.0		-1.0	-1.0	0.0		1		-1		1.0	    	bul_leaves				60.0	1.2		1.0
212		0		0		0.0		1.0		20.0	255 255	255	255		0.0		0.0		0.2		0.0		-1.0	-1.0	0.0		1		-1		1.0	    	bul_leaves				350.0	2.0		1.0
213		0		0		0.0		1.0		20.0	255 255	255	255		0.0		0.0		0.2		0.0		-1.0	-1.0	0.0		1		-1		1.0	    	bul_leaves				100.0	1.5		1.0
215		0		0		0.0		1.0		20.0	255 255	255	255		0.0		0.0		0.2		0.0		-1.0	-1.0	0.0		1		-1		1.0	    	bul_leaves				60.0	1.0		1.0


# CARPET_FABRIC
220		4040	4040	0.0		1.0		20.0	255 255	255	255		0.11	0.14	0.2		0.0		-1.0	-1.0	0.0		1		-1		1.0	    	bul_foam				60.0	0.8		1.0
221		4040	4040	0.0		1.0		20.0	255 255	255	255		0.13	0.15	0.3		0.0		-1.0	-1.0	0.0		1		-1		1.0	    	bul_foam				60.0	1.2		1.0
222		4040	4040	0.0		1.0		20.0	255 255	255	255		0.20	0.25	0.0		0.3		-1.0	-1.0	0.0		1		-1		1.0	    	bul_foam				350.0	2.0		1.0
223		4040	4040	0.0		1.0		20.0	255 255	255	255		0.3		0.5		0.0		0.2		-1.0	-1.0	0.0		1		-1		1.0	    	bul_foam				100.0	1.5		1.0
224		4040	4040	0.0		1.0		20.0	255 255	255	255		0.12	0.18	0.2		0.0		-1.0	-1.0	0.0		0		4200	1.3	    	bul_foam				60.0	1.0		1.0


# PILLOW_FEATHER
230		4032	4032	0.0		1.0		20.0	255 255	255	120		0.11	0.14	0.2		0.0		-1.0	-1.0	0.0		1		-1		1.0	    	bul_chickenfarm			60.0	0.8		1.0
231		4032	4032	0.0		1.0		20.0	255 255	255	120		0.13	0.15	0.3		0.0		-1.0	-1.0	0.0		1		-1		1.0	    	bul_chickenfarm			60.0	1.2		1.0
232		4032	4032	0.0		1.0		20.0	255 255	255	120		0.20	0.25	0.0		0.3		-1.0	-1.0	0.0		1		-1		1.0	    	bul_chickenfarm			350.0	2.0		1.0
233		4032	4032	0.0		1.0		20.0	255 255	255	120		0.3		0.5		0.0		0.2		-1.0	-1.0	0.0		1		-1		1.0	    	bul_chickenfarm			100.0	1.5		1.0
234		4032	4032	0.0		1.0		20.0	255 255	255	120		0.12	0.18	0.2		0.0		-1.0	-1.0	0.0		0		4204	1.3	    	bul_chickenfarm			60.0	1.0		1.0


# TVSCREEN
240		4102	4102	0.0		1.0		20.0	255 255	255	255		0.11	0.14	0.2		0.0		-1.0	-1.0	0.0		1		-1		1.0	    	bul_glass_tv			60.0	0.8		1.0
241		4102	4102	0.0		1.0		20.0	255 255	255	255		0.13	0.15	0.3		0.0		-1.0	-1.0	0.0		1		-1		1.0	    	bul_glass_tv			60.0	1.2		1.0
242		4102	4102	0.0		1.0		20.0	255 255	255	255		0.20	0.25	0.0		0.3		-1.0	-1.0	0.0		1		-1		1.0	    	bul_glass_tv			350.0	2.0		1.0
243		4102	4102	0.0		1.0		20.0	255 255	255	255		0.3		0.5		0.0		0.2		-1.0	-1.0	0.0		1		-1		1.0	    	bul_glass_tv			100.0	1.5		1.0
244		4102	4102	0.0		1.0		20.0	255 255	255	255		0.12	0.18	0.2		0.0		-1.0	-1.0	0.0		0		4206	1.3	    	bul_glass_tv			60.0	1.0		1.0

																																				
# BRICK
260		4020	4020	0.1		1.0		20.0	255 255	255	255		0.10	0.12	0.1		0.0		-1.0	-1.0	0.0		0		-1		1.0	    	bul_brick				60.0	0.6		1.0
261		4020	4020	0.15	1.5		30.0	255 255	255	255		0.12	0.15	0.17	0.0		-1.0	-1.0	0.0		0		-1		1.0	    	bul_brick				60.0	0.8		1.0
262		4020	4020	0.3		2.0		80.0	255 255	255	255		0.2		0.25	0.28	0.0		-1.0	-1.0	0.0		0		-1		1.0  	  	bul_brick_heli			350.0	2.0		2.0
263		4020	4020	0.35	1.7		60.0	255 255	255	255		0.12	0.17	0.2		0.0		-1.0	-1.0	0.0		0		-1		1.0  	  	bul_brick				100.0	1.5		1.5
264		4020	4020	0.3		2.0		70.0	255 255	255	255		0.15	0.2		0.1		0.0		-1.0	-1.0	0.0		0		4204	2.0	    	bul_brick				60.0	1.0		1.0


# SNOW [PROLOGUE ONLY]
280		4053	4053	0.1		1.0		20.0	255 255	255	120		0.10	0.12	0.1		0.0		-1.0	-1.0	0.0		0		-1		1.0	    	bul_snow				60.0	0.6		1.0
281		4053	4053	0.15	1.5		30.0	255 255	255	120		0.12	0.15	0.17	0.0		-1.0	-1.0	0.0		0		-1		1.0	    	bul_snow				60.0	0.8		1.0
282		4053	4053	0.3		2.0		80.0	255 255	255	120		0.2		0.25	0.28	0.0		-1.0	-1.0	0.0		0		-1		1.0  	  	bul_snow_heli			350.0	2.0		2.0
283		4053	4053	0.35	1.7		60.0	255 255	255	120		0.12	0.17	0.2		0.0		-1.0	-1.0	0.0		0		-1		1.0  	  	bul_snow				100.0	1.5		1.5
284		4053	4053	0.3		2.0		70.0	255 255	255	120		0.15	0.2		0.1		0.0		-1.0	-1.0	0.0		0		4204	2.0	    	bul_snow				60.0	1.0		1.0


# MEAT
290		9006	9006	0.0		1.0		20.0	50	0	0	255		0.09	0.15	0.2		0.0		-1.0	-1.0	0.0		0		-1	1.0	    		bul_decal_blood			60.0	1.4		1.0
291		9006	9006	0.0		1.0		20.0	50	0	0	255		0.09	0.15	0.2		0.0		-1.0	-1.0	0.0		0		-1	1.0	    		bul_decal_blood			60.0	2.0		1.0


# TARMAC
295		4020	4020	0.1		1.0		20.0	255 255	255	255		0.10	0.12	0.1		0.0		-1.0	-1.0	0.0		0		-1		1.0	    	bul_tarmac				60.0	0.6		1.0
296		4020	4020	0.15	1.5		30.0	255 255	255	255		0.12	0.15	0.17	0.0		-1.0	-1.0	0.0		0		-1		1.0	    	bul_tarmac				60.0	0.8		1.0
297		4020	4020	0.3		2.0		80.0	255 255	255	255		0.2		0.25	0.28	0.0		-1.0	-1.0	0.0		0		-1		1.0  	  	bul_tarmac_heli			350.0	2.0		2.0
298		4020	4020	0.35	1.7		60.0	255 255	255	255		0.12	0.17	0.2		0.0		-1.0	-1.0	0.0		0		-1		1.0  	  	bul_tarmac				100.0	1.5		1.5
299		4020	4020	0.3		2.0		70.0	255 255	255	255		0.15	0.2		0.1		0.0		-1.0	-1.0	0.0		0		4204	2.0	    	bul_tarmac				60.0	1.0		1.0



#########################################################################################################################################################################################################
#		DECAL INFO ----------------------------------------------------------------------------------------------------------------------------->		PTFX INFO ---------------------------------->	#
# ID	DECAL	<---- STRETCH ----->	RANGE	COL_TINT			SIZE ----->		OVERLAY	DUPLIC	LIFE ----->		FADEIN	EXCLUS	SHOTGUN	---->		FX_SYS					RANGE	FX		LOD		#
#		ID		ID		DOT		MULT			R   G	B	A		MIN		MAX		MAX RAD	REJECT	MIN		MAX				MTL		DECAL	SCALE	    								SCALE	SCALE	#
#########################################################################################################################################################################################################

# BULLETS VS LIQUID DECALS
# THESE WILL USE DECAL INFORMATION FROM THE UNDERLYING VFXGROUP AND PARTICLE INFO FROM THIS DATA

# WATER
310		0		0		0.0		1.0		20.0	255 255	255	255		0.0		0.0		0.2		0.0		-1.0	-1.0	0.0		0		-1	1.0	    		bul_decal_water			60.0	1.0		1.0
311		0		0		0.0		1.0		20.0	255 255	255	255		0.0		0.0		0.2		0.0		-1.0	-1.0	0.0		0		-1	1.0	    		bul_decal_water			500.0	10.0	10.0
312		0		0		0.0		1.0		20.0	255 255	255	255		0.0		0.0		0.2		0.0		-1.0	-1.0	0.0		0		-1	1.0	    		bul_decal_water			60.0	4.0		2.0
313		0		0		0.0		1.0		20.0	255 255	255	255		0.0		0.0		0.2		0.0		-1.0	-1.0	0.0		0		-1	1.0	    		bul_decal_water			60.0	1.5		1.0
314		0		0		0.0		1.0		20.0	255 255	255	255		0.0		0.0		0.2		0.0		-1.0	-1.0	0.0		0		-1	1.0	    		bul_decal_water			60.0	1.8		1.2
315		0		0		0.0		1.0		20.0	255 255	255	255		0.0		0.0		0.2		0.0		-1.0	-1.0	0.0		0		-1	1.0	    		bul_decal_water			60.0	2.0		2.0

# BLOOD
320		0		0		0.0		1.0		20.0	255 255	255	255		0.0		0.0		0.2		0.0		-1.0	-1.0	0.0		0		-1	1.0	    		bul_decal_blood			60.0	1.0		1.0
321		0		0		0.0		1.0		20.0	255 255	255	255		0.0		0.0		0.2		0.0		-1.0	-1.0	0.0		0		-1	1.0	    		bul_decal_blood			60.0	1.2		1.0

# OIL
330		0		0		0.0		1.0		20.0	255 255	255	255		0.0		0.0		0.2		0.0		-1.0	-1.0	0.0		0		-1	1.0	    		bul_decal_oil			60.0	1.0		1.0
331		0		0		0.0		1.0		20.0	255 255	255	255		0.0		0.0		0.2		0.0		-1.0	-1.0	0.0		0		-1	1.0	    		bul_decal_oil			60.0	1.2		1.0

# PETROL
340		0		0		0.0		1.0		20.0	255 255	255	255		0.0		0.0		0.2		0.0		-1.0	-1.0	0.0		0		-1	1.0	    		bul_decal_petrol		60.0	1.0		1.0
341		0		0		0.0		1.0		20.0	255 255	255	255		0.0		0.0		0.2		0.0		-1.0	-1.0	0.0		0		-1	1.0	    		bul_decal_petrol		60.0	1.2		1.0

# MUD
350		0		0		0.0		1.0		20.0	255 255	255	255		0.0		0.0		0.2		0.0		-1.0	-1.0	0.0		0		-1	1.0	    		bul_decal_mud			60.0	1.0		1.0
351		0		0		0.0		1.0		20.0	255 255	255	255		0.0		0.0		0.2		0.0		-1.0	-1.0	0.0		0		-1	1.0	    		bul_decal_mud			60.0	1.2		1.0


#########################################################################################################################################################################################################
#		DECAL INFO ----------------------------------------------------------------------------------------------------------------------------->		PTFX INFO ---------------------------------->	#
# ID	DECAL	<---- STRETCH ----->	RANGE	COL_TINT			SIZE ----->		OVERLAY	DUPLIC	LIFE ----->		FADEIN	EXCLUS	SHOTGUN	---->		FX_SYS					RANGE	FX		LOD		#
#		ID		ID		DOT		MULT			R   G	B	A		MIN		MAX		MAX RAD	REJECT	MIN		MAX				MTL		DECAL	SCALE	    								SCALE	SCALE	#
#########################################################################################################################################################################################################

# MELEE WEAPONS #

# VS CONCRETE
500		4310	4310	0.0		1.0		20.0	255 255	255	255		0.28	0.44	0.2		0.0		-1.0	-1.0	0.0		0		-1		1.0	    	-						60.0	1.0		1.0
500		4310	4310	0.0		1.0		20.0	255 255	255	255		0.18	0.3		0.2		0.0		-1.0	-1.0	0.0		0		-1		1.0	    	-						60.0	1.0		1.0


# VS METAL
510		4314	4314	0.0		1.0		20.0	255 255	255	255		0.09	0.18	0.2		0.0		-1.0	-1.0	0.0		0		-1		1.0	    	mel_carmetal			60.0	1.0		1.0
510		4314	4314	0.0		1.0		20.0	255 255	255	255		0.09	0.18	0.2		0.0		-1.0	-1.0	0.0		0		-1		1.0	    	mel_carmetal			60.0	1.0		1.0


# WOOD VS METAL
515		4314	4314	0.0		1.0		20.0	255 255	255	255		0.07	0.15	0.15	0.0		-1.0	-1.0	0.0		0		-1		1.0	    	-						60.0	1.0		1.0
515		4314	4314	0.0		1.0		20.0	255 255	255	255		0.07	0.15	0.15	0.0		-1.0	-1.0	0.0		0		-1		1.0	    	-						60.0	1.0		1.0


# VS WOOD
520		4312	4312	0.0		1.0		20.0	255 255	255	255		0.2		0.3		0.2		0.0		-1.0	-1.0	0.0		0		-1		1.0	    	-						60.0	1.0		1.0
520		4312	4312	0.0		1.0		20.0	255 255	255	255		0.2		0.3		0.2		0.0		-1.0	-1.0	0.0		0		-1		1.0	    	-						60.0	1.0		1.0


# VS GLASS
530		4100	4100	0.0		1.0		20.0	255 255	255	255		1.0		1.4		0.0		0.5		-1.0	-1.0	0.0		0		-1		1.0	    	-						60.0	1.0		1.0
531		4100	4100	0.0		1.0		20.0	255 255	255	255		0.5		0.8		0.0		0.3		-1.0	-1.0	0.0		0		-1		1.0	    	-						60.0	1.0		1.0


#########################################################################################################################################################################################################
#		DECAL INFO ----------------------------------------------------------------------------------------------------------------------------->		PTFX INFO ---------------------------------->	#
# ID	DECAL	<---- STRETCH ----->	RANGE	COL_TINT			SIZE ----->		OVERLAY	DUPLIC	LIFE ----->		FADEIN	EXCLUS	SHOTGUN	---->		FX_SYS					RANGE	FX		LOD		#
#		ID		ID		DOT		MULT			R   G	B	A		MIN		MAX		MAX RAD	REJECT	MIN		MAX				MTL		DECAL	SCALE	    								SCALE	SCALE	#
#########################################################################################################################################################################################################

# RUBBER BULLET VS GLASS #

540		4100	4100	0.0		1.0		20.0	255 255	255	255		0.5		0.7		0.2		0.0		-1.0	-1.0	0.0		0		-1		1.0	    	-						60.0	1.0		1.0


# STUNGUN #

700		0		0		0.0		1.0		20.0	255 255	255	255		0.0		0.0		0.2		0.0		-1.0	-1.0	0.0		0		-1		1.0	    	bul_stungun				60.0	1.0		1.0
701		0		0		0.0		1.0		20.0	255 255	255	255		0.0		0.0		0.2		0.0		-1.0	-1.0	0.0		0		-1		1.0	    	blood_stungun			60.0	1.0		1.0
702		4010	4010	0.0		1.0		20.0	255 255	255	255		0.04	0.04	0.0		0.06	-1.0	-1.0	0.0		0		-1		1.0	    	bul_stungun_metal		60.0	1.0		1.0


#########################################################################################################################################################################################################
#		DECAL INFO ----------------------------------------------------------------------------------------------------------------------------->		PTFX INFO ---------------------------------->	#
# ID	DECAL	<---- STRETCH ----->	RANGE	COL_TINT			SIZE ----->		OVERLAY	DUPLIC	LIFE ----->		FADEIN	EXCLUS	SHOTGUN	---->		FX_SYS					RANGE	FX		LOD		#
#		ID		ID		DOT		MULT			R   G	B	A		MIN		MAX		MAX RAD	REJECT	MIN		MAX				MTL		DECAL	SCALE	    								SCALE	SCALE	#
#########################################################################################################################################################################################################

# FIRE
900		4421	4421	0.0		1.0		100.0	255 255	255	255		1.8		2.2		0.0		2.1		30.0	40.0	1.0		0		-1		1.0	    	-						60.0	1.0		1.0


# ROCKETS
901		4421	4421	0.0		1.0		100.0	255 255	255	255		3.0		4.2		0.0		2.0		-1.0	-1.0	0.25	0		-1		1.0	    	-						60.0	1.3		1.4
902		4421	4421	0.0		1.0		100.0	255 255	255	255		3.0		4.5		0.0		1.0		-1.0	-1.0	0.25	0		-1		1.0	    	-						60.0	1.3		1.4
903		4421	4421	0.0		1.0		100.0	255 255	255	255		3.0		3.5		0.0		2.0		-1.0	-1.0	0.25	0		-1		1.0	    	-						60.0	1.3		1.4
904		4422	4422	0.0		1.0		100.0	255 255	255	255		3.0		4.5		0.0		2.0		-1.0	-1.0	0.25	0		-1		1.0	    	-						60.0	1.3		1.4
905		4425	4425	0.0		1.0		100.0	255 255	255	255		3.0		3.5		0.0		2.0		-1.0	-1.0	0.25	0		-1		1.0	    	-						60.0	1.3		1.4
906		4421	4421	0.0		1.0		100.0	255 255	255	255		3.0		4.2		0.0		2.0		-1.0	-1.0	0.25	0		-1		1.0	    	-						60.0	1.3		1.4
907		4421	4421	0.0		1.0		100.0	255 255	255	255		3.0		4.2		0.0		2.0		-1.0	-1.0	0.25	0		-1		1.0	    	-						60.0	1.3		1.4
908		4421	4421	0.0		1.0		100.0	255 255	255	255		3.5		4.8		0.0		2.0		-1.0	-1.0	0.25	0		-1		1.0	    	-						60.0	1.3		1.4

#GRENADE
909		4422	4422	0.0		1.0		100.0	255 255	255	255		2.25	2.75	0.0		1.5		-1.0	-1.0	0.25	0		-1		1.0	    	-						60.0	1.3		1.4
910		4425	4425	0.0		1.0		100.0	255 255	255	255		2.25	2.75	0.0		1.5		-1.0	-1.0	0.25	0		-1		1.0	    	-						60.0	1.3		1.4
911		4421	4421	0.0		1.0		100.0	255 255	255	255		2.25	2.75	0.0		1.5		-1.0	-1.0	0.25	0		-1		1.0	    	-						60.0	1.3		1.4

# MOLOTOV EXPLOSIONS
950		4421	4421	0.0		1.0		100.0	255 255	255	255		2.8		3.5		0.0		2.0		20.0	35.0	0.8		0		-1		1.0	    	-						60.0	1.0		1.0

# GENERIC
999		0		0		0.0		1.0		20.0	255 255	255	255		0.0		0.0		0.2		0.0		-1.0	-1.0	0.0		0		-1		1.0			bul_rubber_dust			60.0	1.0		1.0

WEAPONFX_INFO_END
